     Alpha       T1-1.0-m/s-Panel         Alpha       T1-10.0-m/s-Panel         Alpha       T1-15.0-m/s-Panel         Alpha       T1-20.0-m/s-Panel         Alpha       T1-40.0-m/s-Panel         Alpha       T1-5.0-m/s-Panel         Alpha       T1-60.0-m/s-Panel    
         -8.5         0.2554853           -9.5         0.2357866             -9         0.1119131             -9         0.1042734             -9         0.0970939           -9.5         0.2616808             -9        0.08991443  
           -8         0.2326009             -9         0.1402577           -8.5        0.06125997           -8.5         0.0604627           -8.5        0.07938992             -9          0.206325           -8.5        0.09831714  
         -7.5         0.2128547           -8.5         0.1158323             -8        0.05160476             -8        0.04789665             -8        0.05402817           -8.5           0.18271             -8        0.06015969  
           -7         0.1946431             -8          0.104014           -7.5        0.04357664           -7.5        0.03814668           -7.5        0.03595117             -8         0.1668626           -7.5        0.03375565  
         -6.5         0.1778125           -7.5        0.09354131             -7        0.03797485             -7        0.03303805             -7        0.03128445           -7.5         0.1528473             -7        0.02953085  
           -6         0.1613468             -7        0.08471219           -6.5        0.03285838           -6.5        0.02852745           -6.5        0.02717153             -7         0.1399575           -6.5        0.02581562  
         -5.5         0.1428445           -6.5        0.07628158             -6         0.0287108             -6        0.02499156             -6        0.02389934           -6.5           0.12763             -6        0.02280712  
           -5         0.1266641             -6        0.06783349           -5.5        0.02602955           -5.5        0.02276798           -5.5        0.02167827             -6         0.1146523           -5.5        0.02058856  
         -4.5         0.1110912           -5.5        0.06015381             -5        0.02352763             -5         0.0207048             -5        0.01951464           -5.5         0.1009834             -5        0.01832449  
           -4        0.09616609             -5        0.05292342           -4.5        0.02119057           -4.5        0.01878879           -4.5        0.01750469             -5         0.0881492           -4.5        0.01622058  
         -3.5        0.08406578           -4.5        0.04560911             -4         0.0190637             -4        0.01704793             -4        0.01577045           -4.5         0.0749071             -4        0.01449297  
           -3        0.07583368             -4        0.03832562           -3.5        0.01721396           -3.5         0.0155012           -3.5        0.01427757             -4        0.06139106           -3.5        0.01305394  
         -2.5         0.0702966           -3.5        0.03209873             -3        0.01573145             -3        0.01422233             -3        0.01302859           -3.5        0.04985235             -3        0.01183486  
           -2         0.0665459             -3        0.02768432           -2.5        0.01448373           -2.5        0.01312583           -2.5        0.01196134             -3        0.04188075           -2.5        0.01079684  
         -1.5        0.06407406           -2.5        0.02454267             -2         0.0136802             -2        0.01242821             -2        0.01127014           -2.5        0.03644244             -2        0.01011207  
           -1        0.06262584             -2        0.02240805           -1.5        0.01309321           -1.5        0.01190763           -1.5        0.01075056             -2        0.03273437           -1.5       0.009593488  
         -0.5        0.06187079           -1.5        0.02097035             -1        0.01268669             -1        0.01153789             -1        0.01037872           -1.5        0.03027445             -1        0.00921954  
            0         0.0615661             -1        0.02009133           -0.5        0.01245162           -0.5        0.01131953           -0.5        0.01015622             -1        0.02882791           -0.5       0.008992917  
          0.5        0.06187063           -0.5        0.01962432              0        0.01231904              0        0.01125329              0        0.01008586           -0.5        0.02808259              0       0.008918422  
            1        0.06262408              0        0.01935643            0.5         0.0123547            0.5        0.01123691            0.5        0.01009038              0        0.02776314            0.5       0.008943845  
          1.5        0.06406664            0.5        0.01954444              1        0.01261245              1        0.01147454              1        0.01032816            0.5        0.02804895              1       0.009181781  
            2        0.06652346              1        0.02002983            1.5        0.01304151            1.5        0.01186353            1.5        0.01071528              1        0.02879992            1.5       0.009567039  
          2.5        0.07023911            1.5          0.020925              2        0.01365078              2        0.01240335              2        0.01125013            1.5        0.03024736              2        0.01009692  
            3        0.07570339              2        0.02237403            2.5        0.01447408            2.5        0.01311871            2.5        0.01195543              2         0.0326978            2.5        0.01079214  
          3.5        0.08378272            2.5        0.02450649              3        0.01572334              3        0.01421846              3        0.01302536            2.5        0.03637326              3        0.01183226  
            4         0.0956473              3        0.02761281            3.5        0.01720342            3.5        0.01549872            3.5        0.01427548              3         0.0417317            3.5        0.01305225  
          4.5         0.1104364            3.5        0.03195316              4         0.0190468              4         0.0170462              4        0.01576898            3.5        0.04954195              4        0.01449176  
            5         0.1259831              4        0.03806726            4.5        0.02116587            4.5        0.01878383            4.5        0.01748766              4        0.06083981            4.5         0.0161915  
          5.5         0.1421745            4.5         0.0452906              5        0.02349661              5        0.02068985              5        0.01945204            4.5         0.0742345              5        0.01821423  
            6         0.1600136              5        0.05259989            5.5        0.02599464            5.5         0.0227439            5.5        0.02157322              5        0.08747408            5.5        0.02040253  
          6.5         0.1772835            5.5        0.05984868              6        0.02867882              6         0.0249863              6        0.02387372            5.5         0.1003541              6        0.02276114  
            7         0.1942104              6        0.06725266            6.5        0.03272998            6.5        0.02852533            6.5        0.02716089              6         0.1134649            6.5        0.02579644  
          7.5         0.2125569            6.5        0.07564164              7        0.03779387              7        0.03303624              7        0.03127716            6.5         0.1270347              7        0.02951808  
            8         0.2326841              7        0.08426824            7.5        0.04343484            7.5        0.03814484            7.5        0.03594556              7         0.1396284            7.5        0.03374629  
          8.5         0.2566966            7.5        0.09336096              8        0.05128553              8         0.0463322              8        0.04713857            7.5         0.1526804              8        0.04794493  
                                             8         0.1038806            8.5        0.06106981            8.5        0.05980537            8.5        0.07646447              8         0.1666752            8.5        0.09312358  
                                           8.5         0.1156226              9         0.1000895              9        0.09633454              9         0.1044713            8.5          0.182329              9          0.112608  
                                             9         0.1400457                                                                                                                 9         0.2059538                                   
                                           9.5         0.2353104                                                                                                               9.5         0.2613402                                   
                                            10         0.2764688                                                                                                                10          0.296292                                   

