     Alpha       T1-1.0-m/s-Panel         Alpha       T1-10.0-m/s-Panel         Alpha       T1-15.0-m/s-Panel         Alpha       T1-20.0-m/s-Panel         Alpha       T1-40.0-m/s-Panel         Alpha       T1-5.0-m/s-Panel         Alpha       T1-60.0-m/s-Panel    
        -11.5         0.3046924            -11         0.2703356            -11         0.2687715            -11         0.2682773            -11         0.2666462          -11.5         0.2970745            -11          0.265015  
          -11         0.2858101          -10.5         0.2509815          -10.5          0.249061          -10.5         0.2483583          -10.5         0.2458594            -11         0.2782775          -10.5          0.243353  
        -10.5         0.2671997            -10         0.2299159            -10         0.2269929            -10         0.2253396            -10         0.2190402          -10.5          0.259449            -10          0.212727  
          -10         0.2503568           -9.5         0.2056991           -9.5         0.1979666           -9.5         0.1916446           -9.5          0.166648            -10         0.2405501           -9.5         0.1643603  
         -9.5         0.2357434             -9         0.1783819             -9         0.1647128             -9         0.1528717             -9         0.1057763           -9.5         0.2216849             -9        0.07642719  
           -9         0.2235661           -8.5         0.1494385           -8.5         0.1384688           -8.5         0.1294688           -8.5        0.09372465             -9         0.2024748           -8.5        0.04572619  
         -8.5         0.2038861             -8          0.116999             -8         0.1063553             -8        0.09778571             -8        0.06375363           -8.5         0.1772795             -8         0.0297666  
           -8         0.1875867           -7.5         0.0830986           -7.5        0.07525244           -7.5        0.06952076           -7.5        0.04682722             -8         0.1521843           -7.5         0.0240167  
         -7.5         0.1723618             -7        0.06330418             -7        0.05714029             -7        0.05301645             -7        0.03674178           -7.5         0.1269686             -7        0.02018815  
           -7         0.1564906           -6.5        0.04444047           -6.5        0.03996662           -6.5        0.03739298           -6.5        0.02730555             -7         0.1087875           -6.5        0.01701312  
         -6.5         0.1389146             -6        0.03140868             -6         0.0280985             -6        0.02657454             -6        0.02067268           -6.5        0.09048216             -6        0.01466551  
           -6          0.100813           -5.5        0.02666579           -5.5        0.02375911           -5.5        0.02250869           -5.5        0.01768667             -6        0.06605582           -5.5        0.01285913  
         -5.5        0.08696568             -5        0.02259537             -5        0.02009595             -5        0.01909861             -5        0.01527361           -5.5        0.05682372             -5        0.01145926  
           -5        0.07810639           -4.5        0.01981495           -4.5        0.01767701           -4.5        0.01684095           -4.5        0.01357642             -5        0.05019409           -4.5        0.01031979  
         -4.5        0.06916857             -4        0.01730101             -4        0.01552493             -4        0.01482974             -4         0.0120752           -4.5         0.0441536             -4       0.009325791  
           -4        0.06026086           -3.5        0.01538944           -3.5        0.01403661           -3.5        0.01342031           -3.5        0.01096881             -4        0.03829014           -3.5       0.008521743  
         -3.5        0.03954855             -3        0.01350182             -3        0.01281022             -3        0.01225462             -3        0.01005153           -3.5        0.02731949             -3       0.007852286  
           -3        0.03279793           -2.5        0.01273597           -2.5        0.01195899           -2.5         0.0114369           -2.5       0.009388668             -3        0.02077086           -2.5       0.007343956  
         -2.5        0.03187472             -2        0.01239351             -2        0.01168581             -2        0.01116606             -2       0.009127671           -2.5         0.0202919             -2       0.007093124  
           -2        0.03052251           -1.5        0.01251584           -1.5         0.0118698           -1.5        0.01132683           -1.5       0.009172392             -2        0.01896457           -1.5       0.007021969  
         -1.5        0.03134322             -1        0.01312276             -1         0.0124245             -1        0.01183624             -1       0.009496953           -1.5         0.0192848             -1       0.007162137  
           -1        0.03341762           -0.5        0.01384763           -0.5        0.01306268           -0.5        0.01243437           -0.5       0.009935461             -1        0.02064436           -0.5       0.007441518  
         -0.5        0.03759401              0        0.01460408              0        0.01368321              0         0.0130371              0        0.01046812           -0.5        0.02316064              0       0.007903553  
            0        0.04439125            0.5        0.01541059            0.5        0.01429035            0.5         0.0136425            0.5         0.0110708              0        0.02712035            0.5       0.008503399  
          0.5         0.0507634              1        0.01635748              1        0.01499734              1        0.01434407              1        0.01175919            0.5        0.03117128              1       0.009179861  
            1        0.05515368            1.5        0.01734155            1.5        0.01580862            1.5        0.01514489            1.5        0.01253046              1        0.03431869            1.5       0.009922465  
          1.5        0.06024218              2        0.01836367              2         0.0167274              2        0.01606427              2         0.0134694            1.5        0.03730383              2        0.01087722  
            2        0.06711858            2.5        0.01940868            2.5        0.01772775            2.5        0.01709644            2.5        0.01464819              2        0.04085369            2.5        0.01220123  
          2.5        0.07676689              3        0.02063145              3        0.01891538              3        0.01830972              3        0.01598283            2.5        0.04543564              3        0.01365685  
            3         0.1009437            3.5        0.02216002            3.5        0.02039374            3.5        0.01979567            3.5        0.01751745              3        0.05656415            3.5        0.01523966  
          3.5         0.1247563              4        0.02409169              4        0.02212052              4        0.02151759              4        0.01923391            3.5        0.06785465              4        0.01695021  
            4         0.1490325            4.5        0.02647322            4.5         0.0241092            4.5        0.02348825            4.5        0.02114569              4         0.0805888            4.5        0.01880333  
          4.5         0.1682071              5        0.02908794              5        0.02637106              5        0.02571648              5        0.02325294            4.5        0.09101125              5        0.02079107  
            5         0.1824318            5.5        0.03194935            5.5        0.02881527            5.5        0.02812165            5.5        0.02551355              5        0.09872396            5.5         0.0229069  
          5.5         0.1997973              6        0.03487226              6        0.03147821              6        0.03073727              6        0.02794764            5.5         0.1079678              6        0.02515878  
            6         0.2148852            6.5        0.03789506            6.5        0.03429479            6.5        0.03350426            6.5        0.03052039              6         0.1160402            6.5        0.02753534  
          6.5         0.2307195              7        0.04113175              7        0.03730643              7         0.0364634              7        0.03327358            6.5         0.1237143              7        0.03008433  
            7         0.2479388            7.5        0.04452599            7.5        0.04048812            7.5         0.0395839            7.5         0.0361715              7         0.1329045            7.5        0.03276143  
          7.5         0.2661095              8        0.04805246              8         0.0439516              8         0.0429776              8        0.03929282            7.5         0.1422813              8        0.03560931  
            8         0.2852435            8.5         0.0520549            8.5        0.04777287            8.5        0.04671013            8.5        0.04267635              8         0.1521125            8.5        0.03864574  
          8.5         0.3052694              9        0.05678881              9        0.05217977              9        0.05097381              9         0.0464336            8.5         0.1629358              9        0.04189246  
            9         0.3259988            9.5        0.06207137            9.5        0.05721944            9.5        0.05583555            9.5         0.0505951              9         0.1746002            9.5        0.04535429  
          9.5         0.3467987             10         0.0686209             10        0.06329339             10        0.06164128             10        0.05534113            9.5         0.1865102             10        0.04903723  
           10         0.3680792           10.5          0.076858           10.5        0.07104949           10.5        0.06897383           10.5        0.06099053             10         0.1994708           10.5        0.05300496  

