     Alpha       T1-1.0 m/s-Panel         Alpha       T1-10.0 m/s-Panel         Alpha       T1-15.0 m/s-Panel         Alpha       T1-20.0 m/s-Panel         Alpha       T1-40.0 m/s-Panel         Alpha       T1-5.0 m/s-Panel         Alpha       T1-60.0 m/s-Panel    
        -11.5        -0.8101011            -11        -0.7648892            -11        -0.7648892            -11        -0.7648892            -11        -0.7648892          -11.5        -0.8101011            -11        -0.7648892  
          -11        -0.7648892          -10.5        -0.7195676          -10.5        -0.7195676          -10.5        -0.7195676          -10.5        -0.7195676            -11        -0.7648892          -10.5        -0.7195676  
        -10.5        -0.7195676            -10        -0.6741425            -10        -0.6741425            -10        -0.6741425            -10        -0.6741425          -10.5        -0.7195676            -10        -0.6741425  
          -10        -0.6741425           -9.5        -0.6286197           -9.5        -0.6286197           -9.5        -0.6286197           -9.5        -0.6286197            -10        -0.6741425           -9.5        -0.6286197  
         -9.5        -0.6286197             -9        -0.5830055             -9        -0.5830055             -9        -0.5830055             -9        -0.5830055           -9.5        -0.6286197             -9        -0.5830055  
           -9        -0.5830055           -8.5         -0.537306           -8.5         -0.537306           -8.5         -0.537306           -8.5         -0.537306             -9        -0.5830055           -8.5         -0.537306  
         -8.5         -0.537306             -8        -0.4915274             -8        -0.4915274             -8        -0.4915274             -8        -0.4915274           -8.5         -0.537306             -8        -0.4915274  
           -8        -0.4915274           -7.5        -0.4456758           -7.5        -0.4456758           -7.5        -0.4456758           -7.5        -0.4456758             -8        -0.4915274           -7.5        -0.4456758  
         -7.5        -0.4456758             -7        -0.3997576             -7        -0.3997576             -7        -0.3997576             -7        -0.3997576           -7.5        -0.4456758             -7        -0.3997576  
           -7        -0.3997576           -6.5         -0.353779           -6.5         -0.353779           -6.5         -0.353779           -6.5         -0.353779             -7        -0.3997576           -6.5         -0.353779  
         -6.5         -0.353779             -6        -0.3077462             -6        -0.3077462             -6        -0.3077462             -6        -0.3077462           -6.5         -0.353779             -6        -0.3077462  
           -6        -0.3077462           -5.5        -0.2616657           -5.5        -0.2616657           -5.5        -0.2616657           -5.5        -0.2616657             -6        -0.3077462           -5.5        -0.2616657  
         -5.5        -0.2616657             -5        -0.2155437             -5        -0.2155437             -5        -0.2155437             -5        -0.2155437           -5.5        -0.2616657             -5        -0.2155437  
           -5        -0.2155437           -4.5        -0.1693866           -4.5        -0.1693866           -4.5        -0.1693866           -4.5        -0.1693866             -5        -0.2155437           -4.5        -0.1693866  
         -4.5        -0.1693866             -4        -0.1232007             -4        -0.1232007             -4        -0.1232007             -4        -0.1232007           -4.5        -0.1693866             -4        -0.1232007  
           -4        -0.1232007           -3.5       -0.07699255           -3.5       -0.07699255           -3.5       -0.07699255           -3.5       -0.07699255             -4        -0.1232007           -3.5       -0.07699255  
         -3.5       -0.07699255             -3       -0.03076841             -3       -0.03076841             -3       -0.03076841             -3       -0.03076841           -3.5       -0.07699255             -3       -0.03076841  
           -3       -0.03076841           -2.5        0.01546529           -2.5        0.01546529           -2.5        0.01546529           -2.5        0.01546529             -3       -0.03076841           -2.5        0.01546529  
         -2.5        0.01546529             -2        0.06170212             -2        0.06170212             -2        0.06170212             -2        0.06170212           -2.5        0.01546529             -2        0.06170212  
           -2        0.06170212           -1.5         0.1079357           -1.5         0.1079357           -1.5         0.1079357           -1.5         0.1079357             -2        0.06170212           -1.5         0.1079357  
         -1.5         0.1079357             -1         0.1541596             -1         0.1541596             -1         0.1541596             -1         0.1541596           -1.5         0.1079357             -1         0.1541596  
           -1         0.1541596           -0.5         0.2003674           -0.5         0.2003674           -0.5         0.2003674           -0.5         0.2003674             -1         0.1541596           -0.5         0.2003674  
         -0.5         0.2003674              0         0.2465527              0         0.2465527              0         0.2465527              0         0.2465527           -0.5         0.2003674              0         0.2465527  
            0         0.2465527            0.5         0.2927091            0.5         0.2927091            0.5         0.2927091            0.5         0.2927091              0         0.2465527            0.5         0.2927091  
          0.5         0.2927091              1         0.3388302              1         0.3388302              1         0.3388302              1         0.3388302            0.5         0.2927091              1         0.3388302  
            1         0.3388302            1.5         0.3849096            1.5         0.3849096            1.5         0.3849096            1.5         0.3849096              1         0.3388302            1.5         0.3849096  
          1.5         0.3849096              2         0.4309411              2         0.4309411              2         0.4309411              2         0.4309411            1.5         0.3849096              2         0.4309411  
            2         0.4309411            2.5         0.4769181            2.5         0.4769181            2.5         0.4769181            2.5         0.4769181              2         0.4309411            2.5         0.4769181  
          2.5         0.4769181              3         0.5228344              3         0.5228344              3         0.5228344              3         0.5228344            2.5         0.4769181              3         0.5228344  
            3         0.5228344            3.5         0.5686837            3.5         0.5686837            3.5         0.5686837            3.5         0.5686837              3         0.5228344            3.5         0.5686837  
          3.5         0.5686837              4         0.6144597              4         0.6144597              4         0.6144597              4         0.6144597            3.5         0.5686837              4         0.6144597  
            4         0.6144597            4.5         0.6601562            4.5         0.6601562            4.5         0.6601562            4.5         0.6601562              4         0.6144597            4.5         0.6601562  
          4.5         0.6601562              5         0.7057668              5         0.7057668              5         0.7057668              5         0.7057668            4.5         0.6601562              5         0.7057668  
            5         0.7057668            5.5         0.7512855            5.5         0.7512855            5.5         0.7512855            5.5         0.7512855              5         0.7057668            5.5         0.7512855  
          5.5         0.7512855              6          0.796706              6          0.796706              6          0.796706              6          0.796706            5.5         0.7512855              6          0.796706  
            6          0.796706            6.5         0.8420223            6.5         0.8420223            6.5         0.8420223            6.5         0.8420223              6          0.796706            6.5         0.8420223  
          6.5         0.8420223              7         0.8872281              7         0.8872281              7         0.8872281              7         0.8872281            6.5         0.8420223              7         0.8872281  
            7         0.8872281            7.5         0.9323176            7.5         0.9323176            7.5         0.9323176            7.5         0.9323176              7         0.8872281            7.5         0.9323176  
          7.5         0.9323176              8         0.9772845              8         0.9772845              8         0.9772845              8         0.9772845            7.5         0.9323176              8         0.9772845  
            8         0.9772845            8.5          1.022123            8.5          1.022123            8.5          1.022123            8.5          1.022123              8         0.9772845            8.5          1.022123  
          8.5          1.022123              9          1.066827              9          1.066827              9          1.066827              9          1.066827            8.5          1.022123              9          1.066827  
            9          1.066827            9.5          1.111391            9.5          1.111391            9.5          1.111391            9.5          1.111391              9          1.066827            9.5          1.111391  
          9.5          1.111391             10           1.15581             10           1.15581             10           1.15581             10           1.15581            9.5          1.111391             10           1.15581  
           10           1.15581           10.5          1.200076           10.5          1.200076           10.5          1.200076           10.5          1.200076             10           1.15581           10.5          1.200076  

