     Alpha       T1-1.0-m/s-Panel         Alpha       T1-10.0-m/s-Panel         Alpha       T1-15.0-m/s-Panel         Alpha       T1-20.0-m/s-Panel         Alpha       T1-40.0-m/s-Panel         Alpha       T1-5.0-m/s-Panel         Alpha       T1-60.0-m/s-Panel    
         -8.5         0.2223265           -9.5         0.2476388             -9         0.2350166             -9         0.2350166             -9         0.2350166           -9.5         0.2476388             -9         0.2350166  
           -8         0.2095722             -9         0.2350166           -8.5         0.2223265           -8.5         0.2223265           -8.5         0.2223265             -9         0.2350166           -8.5         0.2223265  
         -7.5         0.1967578           -8.5         0.2223265             -8         0.2095722             -8         0.2095722             -8         0.2095722           -8.5         0.2223265             -8         0.2095722  
           -7         0.1838869             -8         0.2095722           -7.5         0.1967578           -7.5         0.1967578           -7.5         0.1967578             -8         0.2095722           -7.5         0.1967578  
         -6.5         0.1709637           -7.5         0.1967578             -7         0.1838869             -7         0.1838869             -7         0.1838869           -7.5         0.1967578             -7         0.1838869  
           -6          0.157992             -7         0.1838869           -6.5         0.1709637           -6.5         0.1709637           -6.5         0.1709637             -7         0.1838869           -6.5         0.1709637  
         -5.5         0.1449758           -6.5         0.1709637             -6          0.157992             -6          0.157992             -6          0.157992           -6.5         0.1709637             -6          0.157992  
           -5          0.131919             -6          0.157992           -5.5         0.1449758           -5.5         0.1449758           -5.5         0.1449758             -6          0.157992           -5.5         0.1449758  
         -4.5         0.1188256           -5.5         0.1449758             -5          0.131919             -5          0.131919             -5          0.131919           -5.5         0.1449758             -5          0.131919  
           -4         0.1056997             -5          0.131919           -4.5         0.1188256           -4.5         0.1188256           -4.5         0.1188256             -5          0.131919           -4.5         0.1188256  
         -3.5        0.09254513           -4.5         0.1188256             -4         0.1056997             -4         0.1056997             -4         0.1056997           -4.5         0.1188256             -4         0.1056997  
           -3        0.07936599             -4         0.1056997           -3.5        0.09254513           -3.5        0.09254513           -3.5        0.09254513             -4         0.1056997           -3.5        0.09254513  
         -2.5        0.06616628           -3.5        0.09254513             -3        0.07936599             -3        0.07936599             -3        0.07936599           -3.5        0.09254513             -3        0.07936599  
           -2        0.05295002             -3        0.07936599           -2.5        0.06616628           -2.5        0.06616628           -2.5        0.06616628             -3        0.07936599           -2.5        0.06616628  
         -1.5        0.03972122           -2.5        0.06616628             -2        0.05295002             -2        0.05295002             -2        0.05295002           -2.5        0.06616628             -2        0.05295002  
           -1        0.02648394             -2        0.05295002           -1.5        0.03972122           -1.5        0.03972122           -1.5        0.03972122             -2        0.05295002           -1.5        0.03972122  
         -0.5        0.01324218           -1.5        0.03972122             -1        0.02648394             -1        0.02648394             -1        0.02648394           -1.5        0.03972122             -1        0.02648394  
            0     -5.543783e-15             -1        0.02648394           -0.5        0.01324218           -0.5        0.01324218           -0.5        0.01324218             -1        0.02648394           -0.5        0.01324218  
          0.5       -0.01323858           -0.5        0.01324218              0     -5.546207e-15              0     -5.538569e-15              0     -5.538569e-15           -0.5        0.01324218              0     -5.546207e-15  
            1       -0.02646953              0     -5.538569e-15            0.5       -0.01323858            0.5       -0.01323858            0.5       -0.01323858              0     -5.538569e-15            0.5       -0.01323858  
          1.5       -0.03968881            0.5       -0.01323858              1       -0.02646953              1       -0.02646953              1       -0.02646953            0.5       -0.01323858              1       -0.02646953  
            2        -0.0528924              1       -0.02646953            1.5       -0.03968881            1.5       -0.03968881            1.5       -0.03968881              1       -0.02646953            1.5       -0.03968881  
          2.5       -0.06607627            1.5       -0.03968881              2        -0.0528924              2        -0.0528924              2        -0.0528924            1.5       -0.03968881              2        -0.0528924  
            3       -0.07923641              2        -0.0528924            2.5       -0.06607627            2.5       -0.06607627            2.5       -0.06607627              2        -0.0528924            2.5       -0.06607627  
          3.5       -0.09236882            2.5       -0.06607627              3       -0.07923641              3       -0.07923641              3       -0.07923641            2.5       -0.06607627              3       -0.07923641  
            4        -0.1054695              3       -0.07923641            3.5       -0.09236882            3.5       -0.09236882            3.5       -0.09236882              3       -0.07923641            3.5       -0.09236882  
          4.5        -0.1185344            3.5       -0.09236882              4        -0.1054695              4        -0.1054695              4        -0.1054695            3.5       -0.09236882              4        -0.1054695  
            5        -0.1315596              4        -0.1054695            4.5        -0.1185344            4.5        -0.1185344            4.5        -0.1185344              4        -0.1054695            4.5        -0.1185344  
          5.5        -0.1445412            4.5        -0.1185344              5        -0.1315596              5        -0.1315596              5        -0.1315596            4.5        -0.1185344              5        -0.1315596  
            6        -0.1574751              5        -0.1315596            5.5        -0.1445412            5.5        -0.1445412            5.5        -0.1445412              5        -0.1315596            5.5        -0.1445412  
          6.5        -0.1703575            5.5        -0.1445412              6        -0.1574751              6        -0.1574751              6        -0.1574751            5.5        -0.1445412              6        -0.1574751  
            7        -0.1831843              6        -0.1574751            6.5        -0.1703575            6.5        -0.1703575            6.5        -0.1703575              6        -0.1574751            6.5        -0.1703575  
          7.5        -0.1959518            6.5        -0.1703575              7        -0.1831843              7        -0.1831843              7        -0.1831843            6.5        -0.1703575              7        -0.1831843  
            8        -0.2086559              7        -0.1831843            7.5        -0.1959518            7.5        -0.1959518            7.5        -0.1959518              7        -0.1831843            7.5        -0.1959518  
          8.5        -0.2212929            7.5        -0.1959518              8        -0.2086559              8        -0.2086559              8        -0.2086559            7.5        -0.1959518              8        -0.2086559  
                                             8        -0.2086559            8.5        -0.2212929            8.5        -0.2212929            8.5        -0.2212929              8        -0.2086559            8.5        -0.2212929  
                                           8.5        -0.2212929              9        -0.2338589              9        -0.2338589              9        -0.2338589            8.5        -0.2212929              9        -0.2338589  
                                             9        -0.2338589                                                                                                                 9        -0.2338589                                   
                                           9.5        -0.2463501                                                                                                               9.5        -0.2463501                                   
                                            10        -0.2587626                                                                                                                10        -0.2587626                                   

