     Alpha       T1-1.0-m/s-Panel         Alpha       T1-10.0-m/s-Panel         Alpha       T1-15.0-m/s-Panel         Alpha       T1-20.0-m/s-Panel         Alpha       T1-40.0-m/s-Panel         Alpha       T1-5.0-m/s-Panel         Alpha       T1-60.0-m/s-Panel    
        -11.5         0.2022118            -11          0.187813            -11          0.187813            -11          0.187813            -11          0.187813          -11.5         0.2022118            -11          0.187813  
          -11          0.187813          -10.5         0.1733192          -10.5         0.1733192          -10.5         0.1733192          -10.5         0.1733192            -11          0.187813          -10.5         0.1733192  
        -10.5         0.1733192            -10         0.1587347            -10         0.1587347            -10         0.1587347            -10         0.1587347          -10.5         0.1733192            -10         0.1587347  
          -10         0.1587347           -9.5          0.144064           -9.5          0.144064           -9.5          0.144064           -9.5          0.144064            -10         0.1587347           -9.5          0.144064  
         -9.5          0.144064             -9         0.1293116             -9         0.1293116             -9         0.1293116             -9         0.1293116           -9.5          0.144064             -9         0.1293116  
           -9         0.1293116           -8.5         0.1144819           -8.5         0.1144819           -8.5         0.1144819           -8.5         0.1144819             -9         0.1293116           -8.5         0.1144819  
         -8.5         0.1144819             -8        0.09957942             -8        0.09957942             -8        0.09957942             -8        0.09957942           -8.5         0.1144819             -8        0.09957942  
           -8        0.09957942           -7.5        0.08460879           -7.5        0.08460879           -7.5        0.08460879           -7.5        0.08460879             -8        0.09957942           -7.5        0.08460879  
         -7.5        0.08460879             -7        0.06957453             -7        0.06957453             -7        0.06957453             -7        0.06957453           -7.5        0.08460879             -7        0.06957453  
           -7        0.06957453           -6.5         0.0544812           -6.5         0.0544812           -6.5         0.0544812           -6.5         0.0544812             -7        0.06957453           -6.5         0.0544812  
         -6.5         0.0544812             -6        0.03933342             -6        0.03933342             -6        0.03933342             -6        0.03933342           -6.5         0.0544812             -6        0.03933342  
           -6        0.03933342           -5.5         0.0241358           -5.5         0.0241358           -5.5         0.0241358           -5.5         0.0241358             -6        0.03933342           -5.5         0.0241358  
         -5.5         0.0241358             -5       0.008892964             -5       0.008892964             -5       0.008892964             -5       0.008892964           -5.5         0.0241358             -5       0.008892964  
           -5       0.008892964           -4.5      -0.006390445           -4.5      -0.006390445           -4.5      -0.006390445           -4.5      -0.006390445             -5       0.008892964           -4.5      -0.006390445  
         -4.5      -0.006390445             -4       -0.02170977             -4       -0.02170977             -4       -0.02170977             -4       -0.02170977           -4.5      -0.006390445             -4       -0.02170977  
           -4       -0.02170977           -3.5       -0.03706034           -3.5       -0.03706034           -3.5       -0.03706034           -3.5       -0.03706034             -4       -0.02170977           -3.5       -0.03706034  
         -3.5       -0.03706034             -3       -0.05243749             -3       -0.05243749             -3       -0.05243749             -3       -0.05243749           -3.5       -0.03706034             -3       -0.05243749  
           -3       -0.05243749           -2.5       -0.06783653           -2.5       -0.06783653           -2.5       -0.06783653           -2.5       -0.06783653             -3       -0.05243749           -2.5       -0.06783653  
         -2.5       -0.06783653             -2       -0.08325276             -2       -0.08325276             -2       -0.08325276             -2       -0.08325276           -2.5       -0.06783653             -2       -0.08325276  
           -2       -0.08325276           -1.5        -0.0986815           -1.5        -0.0986815           -1.5        -0.0986815           -1.5        -0.0986815             -2       -0.08325276           -1.5        -0.0986815  
         -1.5        -0.0986815             -1         -0.114118             -1         -0.114118             -1         -0.114118             -1         -0.114118           -1.5        -0.0986815             -1         -0.114118  
           -1         -0.114118           -0.5        -0.1295577           -0.5        -0.1295577           -0.5        -0.1295577           -0.5        -0.1295577             -1         -0.114118           -0.5        -0.1295577  
         -0.5        -0.1295577              0        -0.1449957              0        -0.1449957              0        -0.1449957              0        -0.1449957           -0.5        -0.1295577              0        -0.1449957  
            0        -0.1449957            0.5        -0.1604275            0.5        -0.1604275            0.5        -0.1604275            0.5        -0.1604275              0        -0.1449957            0.5        -0.1604275  
          0.5        -0.1604275              1        -0.1758482              1        -0.1758482              1        -0.1758482              1        -0.1758482            0.5        -0.1604275              1        -0.1758482  
            1        -0.1758482            1.5        -0.1912532            1.5        -0.1912532            1.5        -0.1912532            1.5        -0.1912532              1        -0.1758482            1.5        -0.1912532  
          1.5        -0.1912532              2        -0.2066378              2        -0.2066378              2        -0.2066378              2        -0.2066378            1.5        -0.1912532              2        -0.2066378  
            2        -0.2066378            2.5        -0.2219974            2.5        -0.2219974            2.5        -0.2219974            2.5        -0.2219974              2        -0.2066378            2.5        -0.2219974  
          2.5        -0.2219974              3        -0.2373272              3        -0.2373272              3        -0.2373272              3        -0.2373272            2.5        -0.2219974              3        -0.2373272  
            3        -0.2373272            3.5        -0.2526225            3.5        -0.2526225            3.5        -0.2526225            3.5        -0.2526225              3        -0.2373272            3.5        -0.2526225  
          3.5        -0.2526225              4        -0.2678788              4        -0.2678788              4        -0.2678788              4        -0.2678788            3.5        -0.2526225              4        -0.2678788  
            4        -0.2678788            4.5        -0.2830913            4.5        -0.2830913            4.5        -0.2830913            4.5        -0.2830913              4        -0.2678788            4.5        -0.2830913  
          4.5        -0.2830913              5        -0.2982555              5        -0.2982555              5        -0.2982555              5        -0.2982555            4.5        -0.2830913              5        -0.2982555  
            5        -0.2982555            5.5        -0.3133667            5.5        -0.3133667            5.5        -0.3133667            5.5        -0.3133667              5        -0.2982555            5.5        -0.3133667  
          5.5        -0.3133667              6        -0.3284203              6        -0.3284203              6        -0.3284203              6        -0.3284203            5.5        -0.3133667              6        -0.3284203  
            6        -0.3284203            6.5        -0.3434117            6.5        -0.3434117            6.5        -0.3434117            6.5        -0.3434117              6        -0.3284203            6.5        -0.3434117  
          6.5        -0.3434117              7        -0.3583363              7        -0.3583363              7        -0.3583363              7        -0.3583363            6.5        -0.3434117              7        -0.3583363  
            7        -0.3583363            7.5        -0.3731897            7.5        -0.3731897            7.5        -0.3731897            7.5        -0.3731897              7        -0.3583363            7.5        -0.3731897  
          7.5        -0.3731897              8        -0.3879673              8        -0.3879673              8        -0.3879673              8        -0.3879673            7.5        -0.3731897              8        -0.3879673  
            8        -0.3879673            8.5        -0.4026645            8.5        -0.4026645            8.5        -0.4026645            8.5        -0.4026645              8        -0.3879673            8.5        -0.4026645  
          8.5        -0.4026645              9        -0.4172769              9        -0.4172769              9        -0.4172769              9        -0.4172769            8.5        -0.4026645              9        -0.4172769  
            9        -0.4172769            9.5        -0.4318001            9.5        -0.4318001            9.5        -0.4318001            9.5        -0.4318001              9        -0.4172769            9.5        -0.4318001  
          9.5        -0.4318001             10        -0.4462297             10        -0.4462297             10        -0.4462297             10        -0.4462297            9.5        -0.4318001             10        -0.4462297  
           10        -0.4462297           10.5        -0.4605611           10.5        -0.4605611           10.5        -0.4605611           10.5        -0.4605611             10        -0.4462297           10.5        -0.4605611  

